1400 -2.4000
21.6000
13.6000
34.6000
33.6000
30.6000
41.6000
12.6000
2.6000
11.6000
18.6000
27.6000
5.6000
14.6000
24.6000
3.6000
9.6000
29.6000
-0.4000
24.6000
27.6000
28.6000
30.6000
9.6000
11.6000
16.6000
25.6000
17.6000
23.6000
32.6000
1.6000
2.6000
34.6000
11.6000
6.6000
10.6000
43.6000
6.6000
27.6000
11.6000
16.6000
42.6000
42.6000
18.6000
43.6000
4.6000
15.6000
41.6000
4.6000
23.6000
43.6000
19.6000
19.6000
14.6000
21.6000
35.6000
14.6000
16.6000
27.6000
32.6000
30.6000
36.6000
38.6000
11.6000
11.6000
17.6000
-2.4000
12.6000
37.6000
29.6000
39.6000
45.6000
20.6000
44.6000
20.6000
31.6000
36.6000
6.6000
31.6000
13.6000
5.6000
36.6000
3.6000
16.6000
7.6000
1.6000
28.6000
28.6000
13.6000
0.6000
14.6000
34.6000
26.6000
14.6000
1.6000
7.6000
10.6000
34.6000
36.6000
44.6000
23.6000
8.6000
-1.4000
36.6000
6.6000
10.6000
3.6000
35.6000
33.6000
22.6000
12.6000
18.6000
45.6000
7.6000
11.6000
37.6000
34.6000
-1.4000
11.6000
33.6000
28.6000
38.6000
22.6000
-0.4000
44.6000
20.6000
30.6000
25.6000
2.6000
21.6000
7.6000
10.6000
34.6000
3.6000
-1.4000
26.6000
-0.4000
13.6000
33.6000
24.6000
29.6000
32.6000
8.6000
11.6000
5.6000
-0.4000
32.6000
4.6000
37.6000
25.6000
15.6000
35.6000
35.6000
42.6000
2.6000
44.6000
1.6000
26.6000
20.6000
28.6000
21.6000
43.6000
10.6000
12.6000
15.6000
29.6000
23.6000
8.6000
35.6000
12.6000
1.6000
26.6000
10.6000
15.6000
2.6000
34.6000
14.6000
20.6000
2.6000
22.6000
33.6000
-1.4000
29.6000
40.6000
30.6000
6.6000
23.6000
13.6000
17.6000
-2.4000
22.6000
10.6000
14.6000
38.6000
37.6000
8.6000
2.6000
37.6000
20.6000
24.6000
31.6000
45.6000
30.6000
31.6000
28.6000
39.6000
13.6000
26.6000
15.6000
26.6000
29.6000
15.6000
39.6000
38.6000
42.6000
28.6000
18.6000
4.6000
33.6000
24.6000
3.6000
45.6000
38.6000
3.6000
32.6000
0.6000
2.6000
5.6000
9.6000
43.6000
33.6000
12.6000
-0.4000
4.6000
28.6000
30.6000
27.6000
6.6000
32.6000
31.6000
42.6000
31.6000
44.6000
36.6000
39.6000
2.6000
36.6000
23.6000
14.6000
28.6000
4.6000
16.6000
13.6000
44.6000
24.6000
33.6000
4.6000
22.6000
6.6000
13.6000
44.6000
11.6000
27.6000
43.6000
0.6000
40.6000
16.6000
34.6000
19.6000
30.6000
-2.4000
15.6000
13.6000
22.6000
43.6000
0.6000
4.6000
13.6000
23.6000
39.6000
20.6000
20.6000
3.6000
44.6000
30.6000
20.6000
16.6000
27.6000
-2.4000
18.6000
27.6000
29.6000
40.6000
39.6000
43.6000
12.6000
8.6000
33.6000
18.6000
33.6000
-2.4000
10.6000
35.6000
36.6000
31.6000
0.6000
5.6000
21.6000
33.6000
4.6000
42.6000
7.6000
36.6000
15.6000
37.6000
-1.4000
11.6000
42.6000
45.6000
3.6000
45.6000
25.6000
41.6000
35.6000
16.6000
41.6000
19.6000
35.6000
33.6000
30.6000
28.6000
28.6000
41.6000
19.6000
16.6000
-0.4000
-2.4000
22.6000
33.6000
-0.4000
3.6000
27.6000
38.6000
14.6000
39.6000
23.6000
10.6000
22.6000
35.6000
9.6000
16.6000
31.6000
1.6000
38.6000
13.6000
10.6000
26.6000
28.6000
-1.4000
28.6000
6.6000
31.6000
37.6000
19.6000
14.6000
37.6000
3.6000
25.6000
33.6000
24.6000
1.6000
28.6000
30.6000
13.6000
-1.4000
17.6000
16.6000
41.6000
23.6000
28.6000
41.6000
0.6000
37.6000
25.6000
31.6000
5.6000
7.6000
31.6000
35.6000
43.6000
10.6000
7.6000
17.6000
15.6000
12.6000
6.6000
38.6000
13.6000
43.6000
20.6000
17.6000
11.6000
25.6000
10.6000
-1.4000
7.6000
-0.4000
23.6000
13.6000
19.6000
4.6000
0.6000
42.6000
9.6000
29.6000
45.6000
1.6000
23.6000
26.6000
33.6000
28.6000
39.6000
0.6000
8.6000
31.6000
38.6000
20.6000
44.6000
28.6000
-0.4000
23.6000
30.6000
29.6000
44.6000
17.6000
19.6000
11.6000
24.6000
36.6000
32.6000
20.6000
16.6000
9.6000
-0.4000
3.6000
36.6000
5.6000
27.6000
29.6000
21.6000
27.6000
28.6000
-1.4000
0.6000
10.6000
35.6000
40.6000
42.6000
21.6000
17.6000
37.6000
9.6000
12.6000
2.6000
12.6000
27.6000
11.6000
3.6000
21.6000
24.6000
41.6000
30.6000
14.6000
32.6000
22.6000
43.6000
42.6000
38.6000
44.6000
16.6000
2.6000
37.6000
34.6000
42.6000
27.6000
30.6000
1.6000
12.6000
12.6000
31.6000
17.6000
39.6000
31.6000
17.6000
9.6000
6.6000
14.6000
22.6000
30.6000
45.6000
-0.4000
20.6000
16.6000
29.6000
37.6000
4.6000
12.6000
20.6000
15.6000
44.6000
31.6000
16.6000
11.6000
2.6000
21.6000
25.6000
29.6000
21.6000
15.6000
14.6000
14.6000
44.6000
39.6000
40.6000
42.6000
16.6000
19.6000
4.6000
17.6000
8.6000
2.6000
25.6000
-2.4000
2.6000
31.6000
20.6000
29.6000
16.6000
44.6000
23.6000
29.6000
23.6000
14.6000
27.6000
41.6000
4.6000
15.6000
33.6000
1.6000
18.6000
45.6000
1.6000
0.6000
41.6000
6.6000
19.6000
20.6000
13.6000
6.6000
6.6000
34.6000
23.6000
13.6000
38.6000
2.6000
24.6000
30.6000
41.6000
30.6000
19.6000
26.6000
12.6000
9.6000
14.6000
3.6000
27.6000
-0.4000
39.6000
15.6000
26.6000
31.6000
1.6000
20.6000
21.6000
6.6000
-2.4000
23.6000
36.6000
1.6000
27.6000
40.6000
10.6000
8.6000
30.6000
20.6000
-2.4000
4.6000
31.6000
2.6000
2.6000
4.6000
7.6000
6.6000
0.6000
42.6000
12.6000
40.6000
25.6000
24.6000
7.6000
3.6000
38.6000
20.6000
37.6000
9.6000
36.6000
11.6000
2.6000
4.6000
26.6000
43.6000
40.6000
11.6000
29.6000
6.6000
4.6000
1.6000
26.6000
-2.4000
35.6000
45.6000
35.6000
8.6000
15.6000
17.6000
29.6000
37.6000
4.6000
0.6000
38.6000
19.6000
7.6000
36.6000
16.6000
26.6000
23.6000
21.6000
45.6000
-0.4000
41.6000
36.6000
34.6000
11.6000
23.6000
9.6000
26.6000
28.6000
28.6000
-0.4000
45.6000
9.6000
32.6000
29.6000
13.6000
22.6000
45.6000
42.6000
31.6000
28.6000
25.6000
14.6000
16.6000
31.6000
44.6000
16.6000
23.6000
38.6000
-2.4000
12.6000
13.6000
41.6000
10.6000
40.6000
40.6000
45.6000
13.6000
3.6000
38.6000
20.6000
10.6000
18.6000
8.6000
10.6000
9.6000
42.6000
10.6000
12.6000
25.6000
3.6000
40.6000
0.6000
31.6000
16.6000
3.6000
10.6000
33.6000
17.6000
14.6000
14.6000
-1.4000
9.6000
44.6000
-1.4000
20.6000
-1.4000
34.6000
40.6000
20.6000
37.6000
29.6000
34.6000
1.6000
-2.4000
21.6000
45.6000
12.6000
-0.4000
19.6000
20.6000
44.6000
29.6000
12.6000
32.6000
-2.4000
31.6000
29.6000
34.6000
33.6000
37.6000
9.6000
15.6000
33.6000
44.6000
24.6000
38.6000
14.6000
38.6000
33.6000
21.6000
44.6000
6.6000
-0.4000
16.6000
21.6000
34.6000
12.6000
43.6000
19.6000
12.6000
17.6000
8.6000
4.6000
9.6000
26.6000
8.6000
45.6000
4.6000
14.6000
27.6000
36.6000
1.6000
-1.4000
6.6000
20.6000
11.6000
28.6000
34.6000
18.6000
29.6000
42.6000
13.6000
12.6000
0.6000
17.6000
33.6000
27.6000
20.6000
14.6000
-0.4000
14.6000
25.6000
18.6000
24.6000
26.6000
25.6000
8.6000
21.6000
3.6000
-0.4000
43.6000
33.6000
14.6000
38.6000
42.6000
19.6000
35.6000
13.6000
26.6000
40.6000
30.6000
2.6000
13.6000
38.6000
18.6000
8.6000
34.6000
7.6000
1.6000
11.6000
40.6000
45.6000
42.6000
13.6000
38.6000
13.6000
5.6000
-0.4000
-2.4000
-1.4000
10.6000
-1.4000
10.6000
1.6000
23.6000
7.6000
32.6000
29.6000
15.6000
24.6000
18.6000
4.6000
31.6000
6.6000
31.6000
15.6000
32.6000
-1.4000
43.6000
12.6000
-1.4000
28.6000
41.6000
28.6000
-0.4000
19.6000
28.6000
3.6000
16.6000
2.6000
44.6000
38.6000
27.6000
33.6000
11.6000
37.6000
21.6000
14.6000
0.6000
29.6000
3.6000
41.6000
29.6000
2.6000
-0.4000
35.6000
11.6000
18.6000
0.6000
23.6000
28.6000
8.6000
43.6000
3.6000
8.6000
13.6000
27.6000
23.6000
25.6000
16.6000
16.6000
19.6000
2.6000
45.6000
13.6000
4.6000
37.6000
14.6000
-0.4000
2.6000
35.6000
28.6000
5.6000
6.6000
3.6000
4.6000
28.6000
7.6000
43.6000
30.6000
-0.4000
14.6000
2.6000
4.6000
31.6000
40.6000
2.6000
42.6000
3.6000
6.6000
3.6000
28.6000
33.6000
17.6000
36.6000
14.6000
14.6000
8.6000
29.6000
34.6000
10.6000
40.6000
-2.4000
33.6000
27.6000
44.6000
27.6000
8.6000
16.6000
35.6000
19.6000
28.6000
19.6000
8.6000
-1.4000
19.6000
21.6000
45.6000
18.6000
44.6000
-0.4000
-2.4000
0.6000
23.6000
45.6000
20.6000
28.6000
30.6000
11.6000
2.6000
29.6000
0.6000
44.6000
4.6000
36.6000
6.6000
18.6000
31.6000
7.6000
3.6000
36.6000
21.6000
3.6000
2.6000
34.6000
24.6000
10.6000
7.6000
36.6000
15.6000
37.6000
38.6000
44.6000
12.6000
4.6000
27.6000
30.6000
25.6000
-2.4000
5.6000
14.6000
33.6000
39.6000
25.6000
34.6000
19.6000
42.6000
43.6000
17.6000
5.6000
37.6000
26.6000
40.6000
44.6000
22.6000
32.6000
45.6000
4.6000
21.6000
14.6000
15.6000
9.6000
6.6000
24.6000
24.6000
8.6000
11.6000
38.6000
23.6000
42.6000
35.6000
33.6000
41.6000
0.6000
37.6000
31.6000
42.6000
44.6000
3.6000
32.6000
44.6000
-1.4000
11.6000
42.6000
15.6000
29.6000
2.6000
40.6000
16.6000
35.6000
5.6000
7.6000
35.6000
12.6000
7.6000
44.6000
5.6000
29.6000
38.6000
15.6000
21.6000
9.6000
22.6000
41.6000
40.6000
35.6000
31.6000
5.6000
10.6000
35.6000
21.6000
42.6000
43.6000
42.6000
12.6000
17.6000
4.6000
28.6000
20.6000
45.6000
15.6000
9.6000
45.6000
30.6000
37.6000
24.6000
11.6000
11.6000
2.6000
3.6000
18.6000
39.6000
18.6000
19.6000
36.6000
30.6000
-2.4000
8.6000
1.6000
34.6000
41.6000
35.6000
32.6000
24.6000
35.6000
31.6000
13.6000
0.6000
22.6000
40.6000
32.6000
21.6000
24.6000
40.6000
24.6000
2.6000
17.6000
0.6000
17.6000
44.6000
17.6000
25.6000
37.6000
29.6000
29.6000
30.6000
13.6000
42.6000
-2.4000
14.6000
12.6000
43.6000
40.6000
-2.4000
22.6000
23.6000
0.6000
2.6000
35.6000
34.6000
1.6000
1.6000
9.6000
21.6000
3.6000
17.6000
6.6000
41.6000
36.6000
42.6000
22.6000
21.6000
35.6000
4.6000
11.6000
33.6000
44.6000
29.6000
15.6000
30.6000
24.6000
7.6000
1.6000
27.6000
-0.4000
37.6000
14.6000
-0.4000
21.6000
10.6000
27.6000
44.6000
23.6000
44.6000
34.6000
20.6000
19.6000
17.6000
19.6000
44.6000
27.6000
44.6000
14.6000
-1.4000
45.6000
-0.4000
10.6000
20.6000
42.6000
17.6000
25.6000
25.6000
6.6000
9.6000
12.6000
4.6000
2.6000
6.6000
6.6000
33.6000
44.6000
32.6000
41.6000
14.6000
28.6000
44.6000
35.6000
24.6000
35.6000
20.6000
36.6000
0.6000
18.6000
31.6000
17.6000
18.6000
4.6000
43.6000
20.6000
29.6000
21.6000
10.6000
34.6000
40.6000
6.6000
7.6000
28.6000
2.6000
27.6000
22.6000
20.6000
35.6000
17.6000
23.6000
40.6000
43.6000
5.6000
44.6000
21.6000
12.6000
11.6000
42.6000
8.6000
23.6000
41.6000
-1.4000
14.6000
1.6000
31.6000
17.6000
10.6000
1.6000
23.6000
39.6000
28.6000
6.6000
29.6000
38.6000
27.6000
3.6000
17.6000
18.6000
25.6000
28.6000
9.6000
43.6000
17.6000
41.6000
20.6000
0.6000
39.6000
30.6000
12.6000
43.6000
32.6000
21.6000
6.6000
21.6000
34.6000
41.6000
10.6000
13.6000
33.6000
-2.4000
41.6000
14.6000
13.6000
36.6000
8.6000
7.6000
1.6000
30.6000
13.6000
37.6000
19.6000
37.6000
21.6000
3.6000
12.6000
26.6000
8.6000
-2.4000
22.6000
34.6000
-0.4000
4.6000
3.6000
26.6000
44.6000
5.6000
2.6000
40.6000
21.6000
4.6000
14.6000
13.6000
-0.4000
39.6000
12.6000
14.6000
45.6000
41.6000
9.6000
44.6000
5.6000
4.6000
3.6000
32.6000
14.6000
24.6000
42.6000
41.6000
11.6000
16.6000
11.6000
36.6000
45.6000
5.6000
26.6000
17.6000
-2.4000
41.6000
44.6000
5.6000
21.6000
39.6000
7.6000
30.6000
25.6000
37.6000
45.6000
45.6000
1.6000
9.6000
41.6000
6.6000
24.6000
20.6000
25.6000
1.6000
42.6000
44.6000
35.6000
37.6000
24.6000
44.6000
21.6000
32.6000
12.6000
27.6000
30.6000
6.6000
27.6000
23.6000
29.6000
44.6000
10.6000
15.6000
41.6000
37.6000
14.6000
-0.4000
13.6000
27.6000
38.6000
37.6000
24.6000
1.6000
-1.4000
40.6000
6.6000
40.6000
4.6000
28.6000
11.6000
19.6000
19.6000
36.6000
26.6000
18.6000
30.6000
13.6000
43.6000
14.6000
21.6000
39.6000
4.6000
6.6000
6.6000
12.6000
18.6000
4.6000
