1400 1.7000
40.8000
27.2000
62.9000
61.2000
56.1000
74.8000
25.5000
8.5000
23.8000
35.7000
51.0000
13.6000
28.9000
45.9000
10.2000
20.4000
54.4000
3.4000
45.9000
51.0000
52.7000
56.1000
20.4000
23.8000
32.3000
47.6000
34.0000
44.2000
59.5000
6.8000
8.5000
62.9000
23.8000
15.3000
22.1000
78.2000
15.3000
51.0000
23.8000
32.3000
76.5000
76.5000
35.7000
78.2000
11.9000
30.6000
74.8000
11.9000
44.2000
78.2000
37.4000
37.4000
28.9000
40.8000
64.6000
28.9000
32.3000
51.0000
59.5000
56.1000
66.3000
69.7000
23.8000
23.8000
34.0000
0.0000
25.5000
68.0000
54.4000
71.4000
81.6000
39.1000
79.9000
39.1000
57.8000
66.3000
15.3000
57.8000
27.2000
13.6000
66.3000
10.2000
32.3000
17.0000
6.8000
52.7000
52.7000
27.2000
5.1000
28.9000
62.9000
49.3000
28.9000
6.8000
17.0000
22.1000
62.9000
66.3000
79.9000
44.2000
18.7000
1.7000
66.3000
15.3000
22.1000
10.2000
64.6000
61.2000
42.5000
25.5000
35.7000
81.6000
17.0000
23.8000
68.0000
62.9000
1.7000
23.8000
61.2000
52.7000
69.7000
42.5000
3.4000
79.9000
39.1000
56.1000
47.6000
8.5000
40.8000
17.0000
22.1000
62.9000
10.2000
1.7000
49.3000
3.4000
27.2000
61.2000
45.9000
54.4000
59.5000
18.7000
23.8000
13.6000
3.4000
59.5000
11.9000
68.0000
47.6000
30.6000
64.6000
64.6000
76.5000
8.5000
79.9000
6.8000
49.3000
39.1000
52.7000
40.8000
78.2000
22.1000
25.5000
30.6000
54.4000
44.2000
18.7000
64.6000
25.5000
6.8000
49.3000
22.1000
30.6000
8.5000
62.9000
28.9000
39.1000
8.5000
42.5000
61.2000
1.7000
54.4000
73.1000
56.1000
15.3000
44.2000
27.2000
34.0000
0.0000
42.5000
22.1000
28.9000
69.7000
68.0000
18.7000
8.5000
68.0000
39.1000
45.9000
57.8000
81.6000
56.1000
57.8000
52.7000
71.4000
27.2000
49.3000
30.6000
49.3000
54.4000
30.6000
71.4000
69.7000
76.5000
52.7000
35.7000
11.9000
61.2000
45.9000
10.2000
81.6000
69.7000
10.2000
59.5000
5.1000
8.5000
13.6000
20.4000
78.2000
61.2000
25.5000
3.4000
11.9000
52.7000
56.1000
51.0000
15.3000
59.5000
57.8000
76.5000
57.8000
79.9000
66.3000
71.4000
8.5000
66.3000
44.2000
28.9000
52.7000
11.9000
32.3000
27.2000
79.9000
45.9000
61.2000
11.9000
42.5000
15.3000
27.2000
79.9000
23.8000
51.0000
78.2000
5.1000
73.1000
32.3000
62.9000
37.4000
56.1000
0.0000
30.6000
27.2000
42.5000
78.2000
5.1000
11.9000
27.2000
44.2000
71.4000
39.1000
39.1000
10.2000
79.9000
56.1000
39.1000
32.3000
51.0000
0.0000
35.7000
51.0000
54.4000
73.1000
71.4000
78.2000
25.5000
18.7000
61.2000
35.7000
61.2000
0.0000
22.1000
64.6000
66.3000
57.8000
5.1000
13.6000
40.8000
61.2000
11.9000
76.5000
17.0000
66.3000
30.6000
68.0000
1.7000
23.8000
76.5000
81.6000
10.2000
81.6000
47.6000
74.8000
64.6000
32.3000
74.8000
37.4000
64.6000
61.2000
56.1000
52.7000
52.7000
74.8000
37.4000
32.3000
3.4000
0.0000
42.5000
61.2000
3.4000
10.2000
51.0000
69.7000
28.9000
71.4000
44.2000
22.1000
42.5000
64.6000
20.4000
32.3000
57.8000
6.8000
69.7000
27.2000
22.1000
49.3000
52.7000
1.7000
52.7000
15.3000
57.8000
68.0000
37.4000
28.9000
68.0000
10.2000
47.6000
61.2000
45.9000
6.8000
52.7000
56.1000
27.2000
1.7000
34.0000
32.3000
74.8000
44.2000
52.7000
74.8000
5.1000
68.0000
47.6000
57.8000
13.6000
17.0000
57.8000
64.6000
78.2000
22.1000
17.0000
34.0000
30.6000
25.5000
15.3000
69.7000
27.2000
78.2000
39.1000
34.0000
23.8000
47.6000
22.1000
1.7000
17.0000
3.4000
44.2000
27.2000
37.4000
11.9000
5.1000
76.5000
20.4000
54.4000
81.6000
6.8000
44.2000
49.3000
61.2000
52.7000
71.4000
5.1000
18.7000
57.8000
69.7000
39.1000
79.9000
52.7000
3.4000
44.2000
56.1000
54.4000
79.9000
34.0000
37.4000
23.8000
45.9000
66.3000
59.5000
39.1000
32.3000
20.4000
3.4000
10.2000
66.3000
13.6000
51.0000
54.4000
40.8000
51.0000
52.7000
1.7000
5.1000
22.1000
64.6000
73.1000
76.5000
40.8000
34.0000
68.0000
20.4000
25.5000
8.5000
25.5000
51.0000
23.8000
10.2000
40.8000
45.9000
74.8000
56.1000
28.9000
59.5000
42.5000
78.2000
76.5000
69.7000
79.9000
32.3000
8.5000
68.0000
62.9000
76.5000
51.0000
56.1000
6.8000
25.5000
25.5000
57.8000
34.0000
71.4000
57.8000
34.0000
20.4000
15.3000
28.9000
42.5000
56.1000
81.6000
3.4000
39.1000
32.3000
54.4000
68.0000
11.9000
25.5000
39.1000
30.6000
79.9000
57.8000
32.3000
23.8000
8.5000
40.8000
47.6000
54.4000
40.8000
30.6000
28.9000
28.9000
79.9000
71.4000
73.1000
76.5000
32.3000
37.4000
11.9000
34.0000
18.7000
8.5000
47.6000
0.0000
8.5000
57.8000
39.1000
54.4000
32.3000
79.9000
44.2000
54.4000
44.2000
28.9000
51.0000
74.8000
11.9000
30.6000
61.2000
6.8000
35.7000
81.6000
6.8000
5.1000
74.8000
15.3000
37.4000
39.1000
27.2000
15.3000
15.3000
62.9000
44.2000
27.2000
69.7000
8.5000
45.9000
56.1000
74.8000
56.1000
37.4000
49.3000
25.5000
20.4000
28.9000
10.2000
51.0000
3.4000
71.4000
30.6000
49.3000
57.8000
6.8000
39.1000
40.8000
15.3000
0.0000
44.2000
66.3000
6.8000
51.0000
73.1000
22.1000
18.7000
56.1000
39.1000
0.0000
11.9000
57.8000
8.5000
8.5000
11.9000
17.0000
15.3000
5.1000
76.5000
25.5000
73.1000
47.6000
45.9000
17.0000
10.2000
69.7000
39.1000
68.0000
20.4000
66.3000
23.8000
8.5000
11.9000
49.3000
78.2000
73.1000
23.8000
54.4000
15.3000
11.9000
6.8000
49.3000
0.0000
64.6000
81.6000
64.6000
18.7000
30.6000
34.0000
54.4000
68.0000
11.9000
5.1000
69.7000
37.4000
17.0000
66.3000
32.3000
49.3000
44.2000
40.8000
81.6000
3.4000
74.8000
66.3000
62.9000
23.8000
44.2000
20.4000
49.3000
52.7000
52.7000
3.4000
81.6000
20.4000
59.5000
54.4000
27.2000
42.5000
81.6000
76.5000
57.8000
52.7000
47.6000
28.9000
32.3000
57.8000
79.9000
32.3000
44.2000
69.7000
0.0000
25.5000
27.2000
74.8000
22.1000
73.1000
73.1000
81.6000
27.2000
10.2000
69.7000
39.1000
22.1000
35.7000
18.7000
22.1000
20.4000
76.5000
22.1000
25.5000
47.6000
10.2000
73.1000
5.1000
57.8000
32.3000
10.2000
22.1000
61.2000
34.0000
28.9000
28.9000
1.7000
20.4000
79.9000
1.7000
39.1000
1.7000
62.9000
73.1000
39.1000
68.0000
54.4000
62.9000
6.8000
0.0000
40.8000
81.6000
25.5000
3.4000
37.4000
39.1000
79.9000
54.4000
25.5000
59.5000
0.0000
57.8000
54.4000
62.9000
61.2000
68.0000
20.4000
30.6000
61.2000
79.9000
45.9000
69.7000
28.9000
69.7000
61.2000
40.8000
79.9000
15.3000
3.4000
32.3000
40.8000
62.9000
25.5000
78.2000
37.4000
25.5000
34.0000
18.7000
11.9000
20.4000
49.3000
18.7000
81.6000
11.9000
28.9000
51.0000
66.3000
6.8000
1.7000
15.3000
39.1000
23.8000
52.7000
62.9000
35.7000
54.4000
76.5000
27.2000
25.5000
5.1000
34.0000
61.2000
51.0000
39.1000
28.9000
3.4000
28.9000
47.6000
35.7000
45.9000
49.3000
47.6000
18.7000
40.8000
10.2000
3.4000
78.2000
61.2000
28.9000
69.7000
76.5000
37.4000
64.6000
27.2000
49.3000
73.1000
56.1000
8.5000
27.2000
69.7000
35.7000
18.7000
62.9000
17.0000
6.8000
23.8000
73.1000
81.6000
76.5000
27.2000
69.7000
27.2000
13.6000
3.4000
0.0000
1.7000
22.1000
1.7000
22.1000
6.8000
44.2000
17.0000
59.5000
54.4000
30.6000
45.9000
35.7000
11.9000
57.8000
15.3000
57.8000
30.6000
59.5000
1.7000
78.2000
25.5000
1.7000
52.7000
74.8000
52.7000
3.4000
37.4000
52.7000
10.2000
32.3000
8.5000
79.9000
69.7000
51.0000
61.2000
23.8000
68.0000
40.8000
28.9000
5.1000
54.4000
10.2000
74.8000
54.4000
8.5000
3.4000
64.6000
23.8000
35.7000
5.1000
44.2000
52.7000
18.7000
78.2000
10.2000
18.7000
27.2000
51.0000
44.2000
47.6000
32.3000
32.3000
37.4000
8.5000
81.6000
27.2000
11.9000
68.0000
28.9000
3.4000
8.5000
64.6000
52.7000
13.6000
15.3000
10.2000
11.9000
52.7000
17.0000
78.2000
56.1000
3.4000
28.9000
8.5000
11.9000
57.8000
73.1000
8.5000
76.5000
10.2000
15.3000
10.2000
52.7000
61.2000
34.0000
66.3000
28.9000
28.9000
18.7000
54.4000
62.9000
22.1000
73.1000
0.0000
61.2000
51.0000
79.9000
51.0000
18.7000
32.3000
64.6000
37.4000
52.7000
37.4000
18.7000
1.7000
37.4000
40.8000
81.6000
35.7000
79.9000
3.4000
0.0000
5.1000
44.2000
81.6000
39.1000
52.7000
56.1000
23.8000
8.5000
54.4000
5.1000
79.9000
11.9000
66.3000
15.3000
35.7000
57.8000
17.0000
10.2000
66.3000
40.8000
10.2000
8.5000
62.9000
45.9000
22.1000
17.0000
66.3000
30.6000
68.0000
69.7000
79.9000
25.5000
11.9000
51.0000
56.1000
47.6000
0.0000
13.6000
28.9000
61.2000
71.4000
47.6000
62.9000
37.4000
76.5000
78.2000
34.0000
13.6000
68.0000
49.3000
73.1000
79.9000
42.5000
59.5000
81.6000
11.9000
40.8000
28.9000
30.6000
20.4000
15.3000
45.9000
45.9000
18.7000
23.8000
69.7000
44.2000
76.5000
64.6000
61.2000
74.8000
5.1000
68.0000
57.8000
76.5000
79.9000
10.2000
59.5000
79.9000
1.7000
23.8000
76.5000
30.6000
54.4000
8.5000
73.1000
32.3000
64.6000
13.6000
17.0000
64.6000
25.5000
17.0000
79.9000
13.6000
54.4000
69.7000
30.6000
40.8000
20.4000
42.5000
74.8000
73.1000
64.6000
57.8000
13.6000
22.1000
64.6000
40.8000
76.5000
78.2000
76.5000
25.5000
34.0000
11.9000
52.7000
39.1000
81.6000
30.6000
20.4000
81.6000
56.1000
68.0000
45.9000
23.8000
23.8000
8.5000
10.2000
35.7000
71.4000
35.7000
37.4000
66.3000
56.1000
0.0000
18.7000
6.8000
62.9000
74.8000
64.6000
59.5000
45.9000
64.6000
57.8000
27.2000
5.1000
42.5000
73.1000
59.5000
40.8000
45.9000
73.1000
45.9000
8.5000
34.0000
5.1000
34.0000
79.9000
34.0000
47.6000
68.0000
54.4000
54.4000
56.1000
27.2000
76.5000
0.0000
28.9000
25.5000
78.2000
73.1000
0.0000
42.5000
44.2000
5.1000
8.5000
64.6000
62.9000
6.8000
6.8000
20.4000
40.8000
10.2000
34.0000
15.3000
74.8000
66.3000
76.5000
42.5000
40.8000
64.6000
11.9000
23.8000
61.2000
79.9000
54.4000
30.6000
56.1000
45.9000
17.0000
6.8000
51.0000
3.4000
68.0000
28.9000
3.4000
40.8000
22.1000
51.0000
79.9000
44.2000
79.9000
62.9000
39.1000
37.4000
34.0000
37.4000
79.9000
51.0000
79.9000
28.9000
1.7000
81.6000
3.4000
22.1000
39.1000
76.5000
34.0000
47.6000
47.6000
15.3000
20.4000
25.5000
11.9000
8.5000
15.3000
15.3000
61.2000
79.9000
59.5000
74.8000
28.9000
52.7000
79.9000
64.6000
45.9000
64.6000
39.1000
66.3000
5.1000
35.7000
57.8000
34.0000
35.7000
11.9000
78.2000
39.1000
54.4000
40.8000
22.1000
62.9000
73.1000
15.3000
17.0000
52.7000
8.5000
51.0000
42.5000
39.1000
64.6000
34.0000
44.2000
73.1000
78.2000
13.6000
79.9000
40.8000
25.5000
23.8000
76.5000
18.7000
44.2000
74.8000
1.7000
28.9000
6.8000
57.8000
34.0000
22.1000
6.8000
44.2000
71.4000
52.7000
15.3000
54.4000
69.7000
51.0000
10.2000
34.0000
35.7000
47.6000
52.7000
20.4000
78.2000
34.0000
74.8000
39.1000
5.1000
71.4000
56.1000
25.5000
78.2000
59.5000
40.8000
15.3000
40.8000
62.9000
74.8000
22.1000
27.2000
61.2000
0.0000
74.8000
28.9000
27.2000
66.3000
18.7000
17.0000
6.8000
56.1000
27.2000
68.0000
37.4000
68.0000
40.8000
10.2000
25.5000
49.3000
18.7000
0.0000
42.5000
62.9000
3.4000
11.9000
10.2000
49.3000
79.9000
13.6000
8.5000
73.1000
40.8000
11.9000
28.9000
27.2000
3.4000
71.4000
25.5000
28.9000
81.6000
74.8000
20.4000
79.9000
13.6000
11.9000
10.2000
59.5000
28.9000
45.9000
76.5000
74.8000
23.8000
32.3000
23.8000
66.3000
81.6000
13.6000
49.3000
34.0000
0.0000
74.8000
79.9000
13.6000
40.8000
71.4000
17.0000
56.1000
47.6000
68.0000
81.6000
81.6000
6.8000
20.4000
74.8000
15.3000
45.9000
39.1000
47.6000
6.8000
76.5000
79.9000
64.6000
68.0000
45.9000
79.9000
40.8000
59.5000
25.5000
51.0000
56.1000
15.3000
51.0000
44.2000
54.4000
79.9000
22.1000
30.6000
74.8000
68.0000
28.9000
3.4000
27.2000
51.0000
69.7000
68.0000
45.9000
6.8000
1.7000
73.1000
15.3000
73.1000
11.9000
52.7000
23.8000
37.4000
37.4000
66.3000
49.3000
35.7000
56.1000
27.2000
78.2000
28.9000
40.8000
71.4000
11.9000
15.3000
15.3000
25.5000
35.7000
11.9000
